124.60595703125
124.30406951904296875
123.92176055908203125
123.67059326171875
123.42217254638671875
123.1919097900390625
122.9425201416015625
122.46875
121.98407745361328125
121.69161224365234375
121.3305511474609375
120.83966064453125
120.47943878173828125
120.18111419677734375
119.610321044921875
119.074951171875
118.855010986328125
118.28925323486328125
117.50394439697265625
117.15472412109375
116.7914886474609375
115.9998931884765625
115.1424560546875
114.45052337646484375
113.8119964599609375
113.2281494140625
112.73609161376953125
112.27845001220703125
111.79547119140625
111.19554901123046875
110.47905731201171875
109.6756591796875
108.83547210693359375
108.1878509521484375
107.7138214111328125
107.253509521484375
106.79161834716796875
106.22429656982421875
105.58704376220703125
105.044342041015625
104.65151214599609375
104.38361358642578125
104.10001373291015625
103.67737579345703125
103.23636627197265625
102.9063720703125
102.53729248046875
102.181365966796875
102.0142669677734375
101.86949920654296875
101.6525421142578125
101.4665679931640625
101.3301544189453125
101.1948699951171875
101.07216644287109375
100.99401092529296875
100.9925994873046875
100.979888916015625
100.885101318359375
100.84999847412109375
100.87108612060546875
100.82971954345703125
100.8173065185546875
100.90676116943359375
101.00079345703125
101.073028564453125
101.16893768310546875
101.26802825927734375
101.3156890869140625
101.3531494140625
101.43402099609375
101.56545257568359375
101.73423004150390625
101.85265350341796875
101.92816162109375
102.1109619140625
102.314971923828125
102.41349029541015625
102.57578277587890625
102.775604248046875
102.88887786865234375
102.93361663818359375
103.03148651123046875
103.23976898193359375
103.4004364013671875
103.47730255126953125
103.5410308837890625
103.63716888427734375
103.711944580078125
103.75628662109375
103.84778594970703125
103.91486358642578125
103.98734283447265625
104.19628143310546875
104.36297607421875
104.3397369384765625
104.3918609619140625
104.61809539794921875
104.7620697021484375
104.84368133544921875
105.02301025390625
105.16136932373046875
105.1505126953125
105.11541748046875
105.23883819580078125
105.49454498291015625
105.67081451416015625
105.76035308837890625
105.90756988525390625
106.04085540771484375
106.09603118896484375
106.16222381591796875
106.23639678955078125
106.32135772705078125
106.41590118408203125
106.560028076171875
106.72896575927734375
106.80029296875
106.84856414794921875
106.95365142822265625
107.08646392822265625
107.1954193115234375
107.3048858642578125
107.40950775146484375
107.47174835205078125
107.59808349609375
107.750091552734375
107.800201416015625
107.81670379638671875
107.903076171875
108.04608154296875
108.2036895751953125
108.39014434814453125
108.5671234130859375
108.6794281005859375
108.8074188232421875
108.9854736328125
109.1568145751953125
109.2991790771484375
109.3906707763671875
109.473175048828125
109.6304473876953125
109.85584259033203125
110.0148162841796875
110.07041168212890625
110.1631622314453125
110.23094940185546875
110.34587860107421875
110.74188232421875
111.002960205078125
111.0048980712890625
111.0110321044921875
110.9855194091796875
111.096710205078125
111.43463134765625
111.60311126708984375
111.7275238037109375
111.947540283203125
112.01766204833984375
112.13603973388671875
112.347442626953125
112.3918304443359375
112.6634674072265625
113.12453460693359375
113.24242401123046875
113.154754638671875
112.987884521484375
113.09513092041015625
113.691192626953125
113.98455047607421875
113.93788909912109375
114.0443878173828125
114.54924774169921875
114.79944610595703125
114.63037109375
114.5958404541015625
114.647796630859375
115.2956085205078125
116.10941314697265625
115.97313690185546875
115.76390838623046875
116.209014892578125
116.9500274658203125
116.82574462890625
116.49906158447265625
116.89751434326171875
117.62468719482421875
117.87713623046875
117.75823211669921875
117.77654266357421875
118.85086822509765625
119.048919677734375
118.81674957275390625
119.93483734130859375
120.839263916015625
120.48613739013671875
120.18344879150390625
120.36908721923828125
121.83638763427734375
123.03391265869140625
122.44638824462890625
121.83972930908203125
122.58188629150390625
124.60620880126953125
124.75139617919921875
124.6552581787109375
125.2315673828125
126.34818267822265625
127.25641632080078125
127.5709991455078125
128.0964202880859375
129.0424346923828125
130.1264801025390625
131.0980987548828125
132.0587615966796875
133.097564697265625
134.013580322265625
135.23736572265625
136.51971435546875
137.4015045166015625
137.6191864013671875
137.2303924560546875
137.2147064208984375
136.5649566650390625
135.124359130859375
134.04962158203125
133.407501220703125
131.9695281982421875
130.0930938720703125
128.2999725341796875
126.81290435791015625
125.51800537109375
123.967742919921875
122.5247344970703125
121.6381072998046875
120.2208251953125
118.38605499267578125
117.30947113037109375
117.32817840576171875
116.84792327880859375
115.70285797119140625
114.673797607421875
114.59218597412109375
114.6195068359375
113.831390380859375
113.1759033203125
113.4203948974609375
114.0691986083984375
113.8125457763671875
113.45240020751953125
113.67389678955078125
113.94573211669921875
113.90256500244140625
113.95648193359375
113.86786651611328125
113.781158447265625
114.4758148193359375
114.8299560546875
114.65216827392578125
114.59903717041015625
114.53179168701171875
114.90630340576171875
115.53807830810546875
115.9097442626953125
116.01486968994140625
115.98065948486328125
116.1759185791015625
116.3662872314453125
116.41236114501953125
116.57787322998046875
117.12091064453125
117.573699951171875
117.51686859130859375
117.41638946533203125
117.8485565185546875
118.42034149169921875
118.4844818115234375
118.486328125
118.58214569091796875
118.6902313232421875
119.22920989990234375
119.74843597412109375
119.7585906982421875
119.73996734619140625
119.84449005126953125
120.16363525390625
120.58440399169921875
120.81977081298828125
120.92452239990234375
121.06037139892578125
121.3102264404296875
121.5447998046875
121.8511810302734375
122.33129119873046875
122.640655517578125
122.74822235107421875
122.9557952880859375
123.13732147216796875
123.210693359375
123.4918975830078125
123.87044525146484375
124.118865966796875
124.337127685546875
124.5359649658203125
124.74486541748046875
125.07170867919921875
125.36043548583984375
125.56119537353515625
125.72447967529296875
125.74973297119140625
125.91778564453125
126.4324493408203125
126.868865966796875
127.09325408935546875
127.29553985595703125
127.499664306640625
127.7110443115234375
127.95116424560546875
128.1351318359375
128.3108673095703125
128.6393890380859375
128.9578094482421875
129.0867462158203125
129.200775146484375
129.480987548828125
129.7482147216796875
129.8784027099609375
130.0307769775390625
130.248138427734375
130.451080322265625
130.592041015625
130.7494659423828125
130.951751708984375
131.121917724609375
131.2786407470703125
131.454193115234375
131.694183349609375
131.968231201171875
132.094329833984375
132.1182861328125
132.2420654296875
132.4151611328125
132.6040191650390625
132.78363037109375
132.942138671875
133.0505828857421875
133.0143585205078125
133.0757598876953125
133.2613677978515625
133.3629302978515625
133.461395263671875
133.5249176025390625
133.550323486328125
133.686370849609375
133.890411376953125
133.998321533203125
133.947662353515625
133.9891815185546875
134.248199462890625
134.4572296142578125
134.568756103515625
134.7035980224609375
134.83001708984375
134.9000091552734375
134.94451904296875
134.9840545654296875
135.0142364501953125
135.138214111328125
135.3194732666015625
135.4822235107421875
135.7279510498046875
135.9763641357421875
136.1256103515625
136.2640838623046875
136.4133148193359375
136.5248260498046875
136.6039581298828125
136.6891937255859375
136.7701263427734375
136.81793212890625
136.8852996826171875
137.034332275390625
137.3241729736328125
137.7039031982421875
137.8870697021484375
137.7481231689453125
137.5287017822265625
137.3648834228515625
137.2528533935546875
137.345184326171875
137.493408203125
137.4408111572265625
137.403778076171875
137.65643310546875
138.1553192138671875
138.3257904052734375
138.1026611328125
138.2495880126953125
139.0323638916015625
139.605499267578125
138.8677215576171875
137.8786163330078125
138.612213134765625
140.8408203125
141.8356475830078125
142.1326904296875
142.24957275390625
142.3281097412109375
142.5345916748046875
142.648284912109375
142.593536376953125
142.604736328125
142.8902587890625
143.2043304443359375
143.343597412109375
143.5312042236328125
143.7362060546875
143.97357177734375
144.4161529541015625
144.8111724853515625
144.961944580078125
145.0568389892578125
145.27880859375
145.5988922119140625
145.894378662109375
146.066375732421875
146.1796112060546875
146.2979888916015625
146.462738037109375
146.674896240234375
146.8828887939453125
147.19085693359375
147.4085845947265625
147.4649810791015625
147.622283935546875
147.9143524169921875
148.3018646240234375
148.603790283203125
148.7241363525390625
148.9355621337890625
149.398162841796875
149.84222412109375
149.9530487060546875
150.0187530517578125
150.3840484619140625
150.8094940185546875
151.101654052734375
151.2774200439453125
151.389984130859375
151.6103668212890625
151.9386749267578125
152.21820068359375
152.54510498046875
153.0348968505859375
153.3946685791015625
153.4409027099609375
153.61279296875
154.07086181640625
154.3715057373046875
154.491668701171875
154.8660125732421875
155.4386444091796875
155.7980499267578125
156.0260772705078125
156.1864166259765625
156.1864166259765625
156.35107421875
156.885467529296875
157.400726318359375
157.68609619140625
158.0923614501953125
158.58355712890625
158.8807220458984375
159.1548309326171875
159.5571136474609375
159.9256439208984375
160.207061767578125
160.552398681640625
160.895599365234375
161.18994140625
161.551513671875
161.8388214111328125
162.0379638671875
162.434722900390625
163.029296875
163.591064453125
163.9559783935546875
164.1103973388671875
164.2405853271484375
164.610687255859375
165.2603759765625
165.8344879150390625
166.1617584228515625
166.3813934326171875
166.690765380859375
167.1911773681640625
167.67822265625
168.1278839111328125
168.6743621826171875
169.17547607421875
169.581756591796875
169.9445343017578125
170.1972198486328125
170.3599090576171875
170.588104248046875
171.0301666259765625
171.57781982421875
172.1365509033203125
172.7518310546875
173.21295166015625
173.4266815185546875
173.6505126953125
174.019561767578125
174.701995849609375
175.53509521484375
176.10894775390625
176.5708465576171875
177.0209197998046875
177.4551544189453125
177.8933868408203125
178.250732421875
178.6966552734375
179.291351318359375
179.842926025390625
180.427764892578125
181.1685028076171875
181.8779754638671875
182.4286956787109375
182.861541748046875
183.342498779296875
183.8114013671875
184.1025543212890625
184.541107177734375
185.3341217041015625
186.194305419921875
186.92999267578125
187.60931396484375
188.1790008544921875
188.55078125
188.7937164306640625
189.1925506591796875
189.8422698974609375
190.511932373046875
191.267608642578125
192.1492919921875
192.8101043701171875
193.1894073486328125
193.71136474609375
194.3683319091796875
194.9293060302734375
195.3778839111328125
195.759765625
196.4577789306640625
197.24212646484375
197.7521209716796875
198.4098968505859375
199.121429443359375
199.7748870849609375
200.49871826171875
200.9429931640625
201.2317352294921875
201.871063232421875
202.66192626953125
203.07757568359375
203.2888031005859375
203.7359466552734375
204.2724609375
204.752655029296875
205.129852294921875
205.368194580078125
205.9995880126953125
206.9920654296875
207.6084442138671875
207.9335174560546875
208.442230224609375
208.9364471435546875
208.954925537109375
208.7365875244140625
208.998321533203125
209.763153076171875
210.11383056640625
209.7456512451171875
209.2519073486328125
208.948516845703125
208.5536956787109375
207.9915618896484375
208.0657806396484375
208.3495025634765625
207.741668701171875
206.820892333984375
205.8117218017578125
204.2814788818359375
202.683349609375
201.9659576416015625
202.1471710205078125
202.7945404052734375
203.505828857421875
203.50189208984375
203.4472808837890625
204.5062408447265625
205.669097900390625
205.7005462646484375
204.963226318359375
204.2336273193359375
203.992431640625
204.1291961669921875
204.2325592041015625
203.43011474609375
201.437042236328125
199.5260162353515625
199.0432281494140625
199.902496337890625
200.3474578857421875
199.9037017822265625
199.42254638671875
198.461517333984375
196.7183380126953125
195.319793701171875
194.800933837890625
195.4527435302734375
195.886383056640625
195.2530975341796875
196.237823486328125
198.3696441650390625
198.9824981689453125
198.375152587890625
197.9022369384765625
198.4978790283203125
199.63787841796875
199.8070526123046875
199.09368896484375
198.703399658203125
199.5116424560546875
200.4970550537109375
200.7415924072265625
201.02996826171875
201.246337890625
201.1516571044921875
201.14691162109375
201.0503997802734375
200.5243377685546875
200.125
200.526763916015625
200.876251220703125
200.5964202880859375
200.390045166015625
200.260284423828125
200.3792724609375
200.2982177734375
199.7826690673828125
200.0249481201171875
200.1898345947265625
199.2841644287109375
198.5103302001953125
198.241485595703125
197.7380523681640625
197.1912689208984375
197.149505615234375
197.4492645263671875
197.31939697265625
196.4835052490234375
195.76708984375
195.455230712890625
195.193267822265625
195.0142059326171875
194.4047393798828125
193.25189208984375
192.4824676513671875
192.28533935546875
191.930877685546875
191.23272705078125
190.33758544921875
189.2561187744140625
188.193939208984375
187.588165283203125
187.424713134765625
186.6038970947265625
185.16583251953125
184.3084869384765625
183.73736572265625
182.303192138671875
180.66119384765625
179.757293701171875
178.709014892578125
177.2032928466796875
176.0559844970703125
174.937286376953125
173.49639892578125
172.2713470458984375
171.6305389404296875
171.0290679931640625
169.637603759765625
167.6771697998046875
165.8845977783203125
164.7662811279296875
163.74371337890625
162.1516571044921875
160.6114044189453125
159.0377960205078125
157.5570831298828125
156.577880859375
155.15228271484375
153.00799560546875
150.6462249755859375
149.5625152587890625
150.26446533203125
149.690093994140625
147.839996337890625
145.596099853515625
143.7555999755859375
143.1295013427734375
142.371826171875
141.332427978515625
140.334442138671875
138.8799591064453125
137.783935546875
137.0284881591796875
136.349273681640625
135.279754638671875
133.5782623291015625
133.302947998046875
133.0691986083984375
130.9813079833984375
128.3291015625
126.072174072265625
126.2125091552734375
126.801483154296875
125.0361328125
122.66650390625
120.58228302001953125
119.773040771484375
120.818206787109375
121.5053558349609375
119.8069915771484375
117.78447723388671875
118.11231231689453125
119.34978485107421875
118.7557830810546875
118.587310791015625
118.71494293212890625
119.109375
120.46038818359375
120.40143585205078125
120.31934356689453125
121.291656494140625
121.1710968017578125
121.461578369140625
123.78583526611328125
124.65167236328125
124.74369049072265625
125.99275970458984375
127.1082000732421875
127.1794891357421875
127.05609893798828125
126.9300079345703125
127.33087158203125
127.581817626953125
127.381378173828125
128.0342559814453125
128.9140777587890625
128.9784698486328125
128.480377197265625
128.36376953125
129.790924072265625
131.8503265380859375
132.2525482177734375
131.294891357421875
131.1755523681640625
133.05377197265625
133.88507080078125
133.2866973876953125
132.76922607421875
133.358978271484375
135.16387939453125
135.3747711181640625
134.3973541259765625
135.7589569091796875
137.7482452392578125
136.8840179443359375
136.277862548828125
136.773712158203125
137.39849853515625
137.290740966796875
137.605010986328125
138.68536376953125
139.101806640625
139.0112152099609375
138.4224090576171875
138.819366455078125
140.524444580078125
140.5887298583984375
140.1121978759765625
140.2700653076171875
140.5818939208984375
140.55072021484375
140.7049713134765625
141.4227142333984375
141.895538330078125
141.95416259765625
142.2170867919921875
142.667877197265625
142.8807220458984375
142.97576904296875
143.3355560302734375
143.616302490234375
143.88922119140625
144.677337646484375
145.1183624267578125
144.5227203369140625
143.8936767578125
144.374481201171875
145.6095733642578125
146.2198333740234375
146.174407958984375