800
800.3198800000000119325704872608184814453125
800.639519999999947685864754021167755126953125
800.9589200000000346335582435131072998046875
801.27808000000004540197551250457763671875
801.596999999999979991116560995578765869140625
801.9156799999999520878191106021404266357421875
802.2341199999999616920831613242626190185546875
802.552320000000008803908713161945343017578125
802.8702799999999797364580444991588592529296875
803.1879999999999881765688769519329071044921875
803.505480000000034124241210520267486572265625
803.8227200000000038926373235881328582763671875
804.1397200000000111685949377715587615966796875
804.456480000000055952114053070545196533203125
804.7730000000000245563569478690624237060546875
805.0892800000000306681613437831401824951171875
805.4053199999999606006895191967487335205078125
805.7211200000000417276169173419475555419921875
806.0366800000000466752680949866771697998046875
806.3519999999999754436430521309375762939453125
806.6670800000000554064172320067882537841796875
806.981919999999945503077469766139984130859375
807.2965199999999867941369302570819854736328125
807.610879999999951905920170247554779052734375
807.924999999999954525264911353588104248046875
808.2388799999999946521711535751819610595703125
808.552519999999958599801175296306610107421875
808.865919999999960054992698132991790771484375
809.1790799999999990177457220852375030517578125
809.491999999999961801222525537014007568359375
809.804679999999962092260830104351043701171875
810.1171199999999998908606357872486114501953125
810.429319999999961510184220969676971435546875
810.741279999999960637069307267665863037109375
811.0529999999999972715158946812152862548828125
811.364479999999957726686261594295501708984375
811.675719999999955689418129622936248779296875
811.9867199999999911597114987671375274658203125
812.297479999999950450728647410869598388671875
812.607999999999947249307297170162200927734375
812.9182799999999815554474480450153350830078125
813.2283200000000533691491000354290008544921875
813.5381200000000490035745315253734588623046875
813.8476799999999684587237425148487091064453125
814.1570000000000391082721762359142303466796875
814.4660800000000335785443894565105438232421875
814.7749199999999518695403821766376495361328125
815.0835200000000213549355976283550262451171875
815.3918800000000146610545925796031951904296875
815.700000000000045474735088646411895751953125
816.0078800000000001091393642127513885498046875
816.3155199999999922511051408946514129638671875
816.622920000000021900632418692111968994140625
816.9300799999999753708834759891033172607421875
817.2369999999999663486960344016551971435546875
817.543679999999994834070093929767608642578125
817.8501199999999471401679329574108123779296875
818.156320000000050640664994716644287109375
818.462279999999964275048114359378814697265625
818.76800000000002910383045673370361328125
819.0734800000000177533365786075592041015625
819.3787200000000439104042015969753265380859375
819.6837199999999938881956040859222412109375
819.9884799999999813735485076904296875
820.2930000000000063664629124104976654052734375
820.597279999999955180101096630096435546875
820.9013200000000551881385035812854766845703125
821.2051199999999653300619684159755706787109375
821.5086800000000266663846559822559356689453125
821.8120000000000118234311230480670928955078125
822.11508000000003448803909122943878173828125
822.4179199999999809733708389103412628173828125
822.7205199999999649662640877068042755126953125
823.02287999999998646671883761882781982421875
823.325000000000045474735088646411895751953125
823.626880000000028303475119173526763916015625
823.9285200000000486397766508162021636962890625
824.229919999999992796801961958408355712890625
824.531079999999974461388774216175079345703125
824.8319999999999936335370875895023345947265625
825.1326800000000503132469020783901214599609375
825.4331200000000308136804960668087005615234375
825.733320000000048821675591170787811279296875
826.0332799999999906503944657742977142333984375
826.3329999999999699866748414933681488037109375
826.632479999999986830516718327999114990234375
826.93172000000004118192009627819061279296875
827.23072000000001935404725372791290283203125
827.5294800000000350337359122931957244873046875
827.82799999999997453414835035800933837890625
828.12627999999995154212228953838348388671875
828.4243199999999660576577298343181610107421875
828.7221200000000180807546712458133697509765625
829.0196799999999939245753921568393707275390625
829.3170000000000072759576141834259033203125
829.6140799999999444480636157095432281494140625
829.910920000000032814568839967250823974609375
830.2075200000000450017978437244892120361328125
830.503879999999981009750626981258392333984375
830.799999999999954525264911353588104248046875
831.0958799999999655483406968414783477783203125
831.3915200000000140789779834449291229248046875
831.6869199999999864303390495479106903076171875
831.982079999999996289261616766452789306640625
832.277000000000043655745685100555419921875
832.5716800000000148429535329341888427734375
832.8661200000000235377228818833827972412109375
833.1603199999999560532160103321075439453125
833.4542800000000397631083615124225616455078125
833.74800000000004729372449219226837158203125
834.0414799999999786450644023716449737548828125
834.334720000000061190803535282611846923828125
834.62771999999995387042872607707977294921875
834.920479999999997744453139603137969970703125
835.212999999999965439201332628726959228515625
835.5052799999999706415110267698764801025390625
835.7973200000000133513822220265865325927734375
836.0891199999999798819771967828273773193359375
836.380679999999983920133672654628753662109375
836.67200000000002546585164964199066162109375
836.96307999999999083229340612888336181640625
837.2539199999999937062966637313365936279296875
837.5445200000000340878614224493503570556640625
837.8348799999999982901499606668949127197265625
838.125
838.414880000000039217411540448665618896484375
838.704520000000002255546860396862030029296875
838.9939200000000028012436814606189727783203125
839.2830800000000408545020036399364471435546875
839.5720000000000027284841053187847137451171875
839.860680000000002110027708113193511962890625
840.149120000000038999132812023162841796875
840.4373199999999997089616954326629638671875
840.7252799999999979263520799577236175537109375
841.0130000000000336513039655983448028564453125
841.3004799999999931969796307384967803955078125
841.58771999999999025021679699420928955078125
841.874720000000024811015464365482330322265625
842.161479999999983192537911236286163330078125
842.4479999999999790816218592226505279541015625
842.7342800000000124782673083245754241943359375
843.0203199999999696956365369260311126708984375
843.306119999999964420567266643047332763671875
843.59167999999999665305949747562408447265625
843.87699999999995270627550780773162841796875
844.1620799999999462670530192553997039794921875
844.4469199999999773353920318186283111572265625
844.731520000000045911292545497417449951171875
845.0158800000000383079168386757373809814453125
845.299999999999954525264911353588104248046875
845.5838800000000219370122067630290985107421875
845.867520000000013169483281672000885009765625
846.150920000000041909515857696533203125
846.4340799999999944702722132205963134765625
846.7169999999999845385900698602199554443359375
846.9996800000000121144694276154041290283203125
847.2821199999999635110725648701190948486328125
847.56431999999995241523720324039459228515625
847.846279999999978826963342726230621337890625
848.1280000000000427462509833276271820068359375
848.409480000000030486262403428554534912109375
848.69072000000005573383532464504241943359375
848.97172000000000480213202536106109619140625
849.2524799999999913779902271926403045654296875
849.5330000000000154614099301397800445556640625
849.8132799999999633655534125864505767822265625
850.093319999999948777258396148681640625
850.373119999999971696524880826473236083984375
850.6526800000000321233528666198253631591796875
850.932000000000016370904631912708282470703125
851.2110800000000381260178983211517333984375
851.4899199999999837018549442291259765625
851.7685199999999667852534912526607513427734375
852.0468799999999873762135393917560577392578125
852.325000000000045474735088646411895751953125
852.6028800000000273939804174005985260009765625
852.8805200000000468207872472703456878662109375
853.1579199999999900683178566396236419677734375
853.435079999999970823409967124462127685546875
853.71199999999998908606357872486114501953125
853.9886800000000448562786914408206939697265625
854.26512000000002444721758365631103515625
854.541320000000041545717976987361907958984375
854.817279999999982464942149817943572998046875
855.0929999999999608917278237640857696533203125
855.3684799999999768260749988257884979248046875
855.6437200000000302679836750030517578125
855.9187200000000075306161306798458099365234375
856.1934800000000223008100874722003936767578125
856.4679999999999608917278237640857696533203125
856.7422800000000506770447827875614166259765625
857.016319999999950596247799694538116455078125
857.2901200000000017098500393331050872802734375
857.563679999999976644176058471202850341796875
857.83699999999998908606357872486114501953125
858.1100800000000390355126000940799713134765625
858.38292000000001280568540096282958984375
858.655520000000024083419702947139739990234375
858.927879999999959181877784430980682373046875
859.200000000000045474735088646411895751953125
859.4718800000000555883161723613739013671875
859.74351999999998952262103557586669921875
860.0149199999999609644873999059200286865234375
860.2860799999999699139152653515338897705078125
860.557000000000016370904631912708282470703125
860.8276799999999866486177779734134674072265625
861.0981199999999944338924251496791839599609375
861.36832000000003972672857344150543212890625
861.6382800000000088402885012328624725341796875
861.9080000000000154614099301397800445556640625
862.1774799999999459032551385462284088134765625
862.4467200000000275394995696842670440673828125
862.7157200000000329964677803218364715576171875
862.9844799999999622741597704589366912841796875
863.2530000000000427462509833276271820068359375
863.5212800000000470390659756958484649658203125
863.7893199999999751526047475636005401611328125
864.0571200000000544605427421629428863525390625
864.324679999999943902366794645786285400390625
864.5919999999999845385900698602199554443359375
864.859079999999948995537124574184417724609375
865.12591999999995096004568040370941162109375
865.3925199999999904321157373487949371337890625
865.6588799999999537249095737934112548828125
865.924999999999954525264911353588104248046875
866.1908799999999928331817500293254852294921875
866.456519999999954961822368204593658447265625
866.72191999999995459802448749542236328125
866.9870799999999917417881079018115997314453125
867.25199999999995270627550780773162841796875
867.516679999999951178324408829212188720703125
867.7811199999999871579348109662532806396484375
868.045319999999946958268992602825164794921875
868.30927999999994426616467535495758056640625
868.5729999999999790816218592226505279541015625
868.836479999999937717802822589874267578125
869.0997200000000475483830086886882781982421875
869.3627199999999675128492526710033416748046875
869.6254800000000386717147193849086761474609375
869.8880000000000336513039655983448028564453125
870.150280000000066138454712927341461181640625
870.4123200000000224463292397558689117431640625
870.6741200000000162617652676999568939208984375
870.93568000000004758476279675960540771484375
871.1970000000000027284841053187847137451171875
871.4580799999999953797669149935245513916015625
871.718920000000025538611225783824920654296875
871.9795199999999795181793160736560821533203125
872.2398799999999710053089074790477752685546875
872.5
872.75988000000006650225259363651275634765625
873.019520000000056825228966772556304931640625
873.278919999999970968929119408130645751953125
873.538080000000036307028494775295257568359375
873.79700000000002546585164964199066162109375
874.05567999999993844539858400821685791015625
874.3141200000000026193447411060333251953125
874.572319999999990614014677703380584716796875
874.8302800000000161162461154162883758544921875
875.087999999999965439201332628726959228515625
875.34547999999995226971805095672607421875
875.6027199999999766077962704002857208251953125
875.8597200000000384534359909594058990478515625
876.1164800000000241197994910180568695068359375
876.37300000000004729372449219226837158203125
876.6292799999999942883732728660106658935546875
876.8853199999999787905835546553134918212890625
877.141120000000000800355337560176849365234375
877.396680000000060317688621580600738525390625
877.652000000000043655745685100555419921875
877.9070799999999508145265281200408935546875
878.16192000000000916770659387111663818359375
878.416519999999991341610439121723175048828125
878.6708800000000110230757854878902435302734375
878.924999999999954525264911353588104248046875
879.1788800000000492218532599508762359619140625
879.4325199999999540523276664316654205322265625
879.6859200000000100772012956440448760986328125
879.9390799999999899227987043559551239013671875
880.1920000000000072759576141834259033203125
880.44468000000006213667802512645721435546875
880.697120000000040818122215569019317626953125
880.949319999999943320290185511112213134765625
881.201279999999997016857378184795379638671875
881.45299999999997453414835035800933837890625
881.7044799999999895590008236467838287353515625
881.9557200000000420914147980511188507080078125
882.2067200000000184445525519549846649169921875
882.4574800000000323052518069744110107421875
882.7079999999999699866748414933681488037109375
882.958280000000058862497098743915557861328125
883.208319999999957872205413877964019775390625
883.458120000000008076312951743602752685546875
883.70767999999998210114426910877227783203125
883.9569999999999936335370875895023345947265625
884.2060800000000426734914071857929229736328125
884.4549200000000155341695062816143035888671875
884.7035200000000259024091064929962158203125
884.9518799999999600913724862039089202880859375
885.200000000000045474735088646411895751953125
885.4478800000000546788214705884456634521484375
885.695519999999987703631632030010223388671875
885.94291999999995823600329458713531494140625
886.1900799999999662759364582598209381103515625
886.4370000000000118234311230480670928955078125
886.6836799999999811916495673358440399169921875
886.9301199999999880674295127391815185546875
887.17632000000003245077095925807952880859375
887.422280000000000654836185276508331298828125
887.6680000000000063664629124104976654052734375
887.913479999999935898813419044017791748046875
888.1587200000000166255631484091281890869140625
888.403720000000021173036657273769378662109375
888.648480000000063228071667253971099853515625
888.89300000000002910383045673370361328125
889.1372800000000324871507473289966583251953125
889.38131999999995969119481742382049560546875
889.6251200000000380896381102502346038818359375
889.86868000000004030880518257617950439453125
890.1119999999999663486960344016551971435546875
890.355080000000043582986108958721160888671875
890.5979200000000446379999630153179168701171875
890.840519999999969513737596571445465087890625
891.0828800000000455838744528591632843017578125
891.325000000000045474735088646411895751953125
891.5668799999999691863195039331912994384765625
891.80852000000004409230314195156097412109375
892.0499200000000428190105594694614410400390625
892.2910799999999653664417564868927001953125
892.5320000000000391082721762359142303466796875
892.772680000000036670826375484466552734375
893.01312000000007174094207584857940673828125
893.253320000000030631781555712223052978515625
893.4932800000000270301825366914272308349609375
893.732999999999947249307297170162200927734375
893.9724800000000186628312803804874420166015625
894.211720000000013897079043090343475341796875
894.450720000000046638888306915760040283203125
894.6894800000000032014213502407073974609375
894.9279999999999972715158946812152862548828125
895.1662800000000288491719402372837066650390625
895.4043199999999842475517652928829193115234375
895.64211999999997715349309146404266357421875
895.879680000000007566995918750762939453125
896.116999999999961801222525537014007568359375
896.3540799999999535430106334388256072998046875
896.5909199999999827923602424561977386474609375
896.827520000000049549271352589130401611328125
897.0638800000000401269062422215938568115234375
897.299999999999954525264911353588104248046875
897.5358800000000201180228032171726226806640625
897.771520000000009531504474580287933349609375
898.006920000000036452547647058963775634765625
898.24207999999998719431459903717041015625
898.4769999999999754436430521309375762939453125
898.7116800000000012005330063402652740478515625
898.94612000000006446498446166515350341796875
899.1803200000000515501596964895725250244140625
899.4142799999999624560587108135223388671875
899.6480000000000245563569478690624237060546875
899.88148000000001047737896442413330078125
900.11472000000003390596248209476470947265625
900.347719999999981155269779264926910400390625
900.5804799999999659121385775506496429443359375
900.8129999999999881765688769519329071044921875
901.045280000000047948560677468776702880859375
901.2773200000000315412762574851512908935546875
901.5091200000000526415533386170864105224609375
901.7406799999999975625541992485523223876953125
901.971999999999979991116560995578765869140625
902.203079999999999927240423858165740966796875
902.43391999999994368408806622028350830078125
902.664520000000038635334931313991546630859375
902.894880000000057407305575907230377197265625
903.125
903.3548799999999801002559252083301544189453125
903.5845199999999977080733515322208404541015625
903.81392000000005282345227897167205810546875
904.0430800000000317595549859106540679931640625
904.2720000000000482032191939651966094970703125
904.5006799999999884676071815192699432373046875
904.72911999999996623955667018890380859375
904.95731999999998151906765997409820556640625
905.1852800000000343061401508748531341552734375
905.41300000000001091393642127513885498046875
905.640480000000025029294192790985107421875
905.867719999999962965375743806362152099609375
906.0947200000000520958565175533294677734375
906.32148000000006504706107079982757568359375
906.548000000000001818989403545856475830078125
906.7742799999999760984792374074459075927734375
907.0003199999999878855305723845958709716796875
907.226120000000037180143408477306365966796875
907.4516800000000102954800240695476531982421875
907.6770000000000209183781407773494720458984375
907.9020799999999553620000369846820831298828125
908.1269200000000410000211559236049652099609375
908.351519999999936771928332746028900146484375
908.5758799999999837382347323000431060791015625
908.799999999999954525264911353588104248046875
909.023879999999962819856591522693634033203125
909.2475200000000086220097728073596954345703125
909.470919999999978244886733591556549072265625
909.694079999999985375325195491313934326171875
909.9170000000000300133251585066318511962890625
910.139679999999998472048901021480560302734375
910.362120000000004438334144651889801025390625
910.5843200000000479121808893978595733642578125
910.806280000000015206751413643360137939453125
911.028000000000020008883439004421234130859375
911.24947999999994863173924386501312255859375
911.470720000000028448994271457195281982421875
911.691720000000032086973078548908233642578125
911.9124799999999595456756651401519775390625
912.133000000000038198777474462985992431640625
912.353280000000040672603063285350799560546875
912.57331999999996696715243160724639892578125
912.793120000000044456101022660732269287109375
913.012680000000045765773393213748931884765625
913.23199999999997089616954326629638671875
913.451080000000047220964916050434112548828125
913.669920000000047366484068334102630615234375
913.88851999999997133272700011730194091796875
914.106880000000046493369154632091522216796875
914.325000000000045474735088646411895751953125
914.5428799999999682768248021602630615234375
914.760520000000042273313738405704498291015625
914.977920000000040090526454150676727294921875
915.19507999999996172846294939517974853515625
915.412000000000034560798667371273040771484375
915.628680000000031213858164846897125244140625
915.845119999999951687641441822052001953125
916.061320000000023355823941528797149658203125
916.277280000000018844730220735073089599609375
916.4930000000000518411980010569095611572265625
916.708480000000008658389560878276824951171875
916.923720000000002983142621815204620361328125
917.1387200000000348154571838676929473876953125
917.353479999999990468495525419712066650390625
917.567999999999983629095368087291717529296875
917.7822800000000142972567118704319000244140625
917.996319999999968786141835153102874755859375
918.210119999999960782588459551334381103515625
918.4236799999999902865965850651264190673828125
918.636999999999943611328490078449249267578125
918.850079999999934443621896207332611083984375
919.0629199999999627834768034517765045166015625
919.2755200000000286308932118117809295654296875
919.4878800000000182990333996713161468505859375
919.700000000000045474735088646411895751953125
919.9118799999999964711605571210384368896484375
920.1235199999999849751475267112255096435546875
920.334920000000010986695997416973114013671875
920.5460799999999608189682476222515106201171875
920.7569999999999481588019989430904388427734375
920.967679999999973006197251379489898681640625
921.17812000000003536115400493144989013671875
921.388320000000021536834537982940673828125
921.598279999999931533238850533962249755859375
921.8079999999999927240423858165740966796875
922.01747999999997773556970059871673583984375
922.2267200000000002546585164964199066162109375
922.43571999999994659447111189365386962890625
922.6444799999999304418452084064483642578125
922.8530000000000654836185276508331298828125
923.0612800000000106592779047787189483642578125
923.2693199999999933424987830221652984619140625
923.47712000000001353328116238117218017578125
923.684680000000071231625042855739593505859375
923.892000000000052750692702829837799072265625
924.099079999999958090484142303466796875
924.305920000000014624674804508686065673828125
924.512519999999994979589246213436126708984375
924.7188800000000128420651890337467193603515625
924.924999999999954525264911353588104248046875
925.130879999999933716026134788990020751953125
925.336520000000064101186580955982208251953125
925.5419200000000046202330850064754486083984375
925.7470799999999826468410901725292205810546875
925.951999999999998181010596454143524169921875
926.156680000000051222741603851318359375
926.36112000000002808519639074802398681640625
926.5653200000000424552126787602901458740234375
926.76927999999998064595274627208709716796875
926.972999999999956344254314899444580078125
927.1764799999999695501173846423625946044921875
927.3797200000000202635419555008411407470703125
927.5827199999999947976903058588504791259765625
927.78548000000000683940015733242034912109375
927.988000000000056388671509921550750732421875
928.190280000000029758666642010211944580078125
928.3923199999999269493855535984039306640625
928.594119999999975334503687918186187744140625
928.795679999999947540345601737499237060546875
928.997000000000070940586738288402557373046875
929.1980800000000044747139327228069305419921875
929.3989199999999755164026282727718353271484375
929.599519999999984065652824938297271728515625
929.79988000000003012246452271938323974609375
930
930.1998800000000073850969783961772918701171875
930.3995200000000522777554579079151153564453125
930.5989200000000209911377169191837310791015625
930.79808000000002721208147704601287841796875
930.9969999999999572537490166723728179931640625
931.195680000000038489815779030323028564453125
931.3941200000000435466063208878040313720703125
931.592319999999972424120642244815826416015625
931.790279999999938809196464717388153076171875
931.988000000000056388671509921550750732421875
932.1854799999999841020326130092144012451171875
932.38272000000006300979293882846832275390625
932.579719999999952051439322531223297119140625
932.77647999999999228748492896556854248046875
932.972999999999956344254314899444580078125
933.169280000000071595422923564910888671875
933.3653199999999969804775901138782501220703125
933.5611199999999598730937577784061431884765625
933.75667999999996027327142655849456787109375
933.951999999999998181010596454143524169921875
934.147079999999959909473545849323272705078125
934.3419199999999591454979963600635528564453125
934.5365199999999958890839479863643646240234375
934.7308800000000701402314007282257080078125
934.924999999999954525264911353588104248046875
935.118879999999990104697644710540771484375
935.31251999999994950485415756702423095703125
935.50592000000006009940989315509796142578125
935.6990799999999808278516866266727447509765625
935.892000000000052750692702829837799072265625
936.0846800000000484942574985325336456298828125
936.277119999999968058546073734760284423828125
936.4693200000000388172338716685771942138671875
936.661280000000033396645449101924896240234375
936.8530000000000654836185276508331298828125
937.04448000000002139131538569927215576171875
937.2357200000000148065737448632717132568359375
937.42671999999993204255588352680206298828125
937.6174800000000004729372449219226837158203125
937.8079999999999927240423858165740966796875
937.998280000000022482709027826786041259765625
938.188319999999976062099449336528778076171875
938.3781199999999671490513719618320465087890625
938.5676799999999957435647957026958465576171875
938.75700000000006184563972055912017822265625
938.946079999999938081600703299045562744140625
939.13491999999996551196090877056121826171875
939.3235200000000304498826153576374053955078125
939.511880000000019208528101444244384765625
939.700000000000045474735088646411895751953125
939.887879999999995561665855348110198974609375
940.0755199999999831561581231653690338134765625
940.2629200000000082582118920981884002685546875
940.45008000000007086782716214656829833984375
940.636999999999943611328490078449249267578125
940.82367999999996754922904074192047119140625
941.0101200000000289946910925209522247314453125
941.1963200000000142608769237995147705078125
941.382280000000037034624256193637847900390625
941.567999999999983629095368087291717529296875
941.753480000000081417965702712535858154296875
941.9387199999999893407220952212810516357421875
942.12372000000004845787771046161651611328125
942.308479999999917708919383585453033447265625
942.49299999999993815436027944087982177734375
942.6772799999999961073626764118671417236328125
942.86131999999997788108885288238525390625
943.045119999999997162376530468463897705078125
943.228679999999940264387987554073333740234375
943.412000000000034560798667371273040771484375
943.5950800000000526779331266880035400390625
943.77791999999999461579136550426483154296875
943.9605199999999740612111054360866546630859375
944.1428799999999910141923464834690093994140625
944.325000000000045474735088646411895751953125
944.5068800000000237560016103088855743408203125
944.6885200000000395448296330869197845458984375
944.8699199999999791543814353644847869873046875
945.051079999999956271494738757610321044921875
945.23199999999997089616954326629638671875
945.4126800000000230284058488905429840087890625
945.59311999999999898136593401432037353515625
945.773320000000012441887520253658294677734375
945.953279999999949723132885992527008056640625
946.133000000000038198777474462985992431640625
946.31248000000005049514584243297576904296875
946.491719999999986612237989902496337890625
946.6707199999999602368916384875774383544921875
946.8494799999999713691067881882190704345703125
947.028000000000020008883439004421234130859375
947.2062799999999924693838693201541900634765625
947.3843200000000024374458007514476776123046875
947.56212000000004991306923329830169677734375
947.7396800000000212094164453446865081787109375
947.9170000000000300133251585066318511962890625
948.0940799999999626379576511681079864501953125
948.2709199999999327701516449451446533203125
948.447519999999940409907139837741851806640625
948.6238799999999855572241358458995819091796875
948.799999999999954525264911353588104248046875
948.975879999999961000867187976837158203125
949.1515200000000049840309657156467437744140625
949.32691999999997278791852295398712158203125
949.502079999999978099367581307888031005859375
949.6770000000000209183781407773494720458984375
949.851679999999987558112479746341705322265625
950.02611999999999170540831983089447021484375
950.2003200000000333602656610310077667236328125
950.37427999999999883584678173065185546875
950.548000000000001818989403545856475830078125
950.7214800000000423096935264766216278076171875
950.894720000000006621121428906917572021484375
951.0677200000000084401108324527740478515625
951.2404800000000477666617371141910552978515625
951.41300000000001091393642127513885498046875
951.585280000000011568772606551647186279296875
951.757319999999936044332571327686309814453125
951.929120000000011714291758835315704345703125
952.10068000000001120497472584247589111328125
952.2719999999999345163814723491668701171875
952.4430800000000090221874415874481201171875
952.613920000000007348717190325260162353515625
952.7845200000000431828084401786327362060546875
952.954880000000002837623469531536102294921875
953.125
953.29487999999992098310030996799468994140625
953.46451999999999316059984266757965087890625
953.633919999999989158823154866695404052734375
953.8030800000000226646079681813716888427734375
953.971999999999979991116560995578765869140625
954.14067999999997482518665492534637451171875
954.3091200000000071668182499706745147705078125
954.477319999999963329173624515533447265625
954.645279999999956999090500175952911376953125
954.8129999999999881765688769519329071044921875
954.980479999999943174771033227443695068359375
955.1477199999999356805346906185150146484375
955.3147199999999656938598491251468658447265625
955.4814800000000332147465087473392486572265625
955.6480000000000245563569478690624237060546875
955.81428000000005340552888810634613037109375
955.9803200000000060754246078431606292724609375
956.1461199999999962528818286955356597900390625
956.311680000000023937900550663471221923828125
956.4769999999999754436430521309375762939453125
956.6420799999999644569470547139644622802734375
956.8069199999999909778125584125518798828125
956.9715200000000550062395632266998291015625
957.135880000000042855390347540378570556640625
957.299999999999954525264911353588104248046875
957.463880000000017389538697898387908935546875
957.627520000000004074536263942718505859375
957.7909200000000282670953311026096343994140625
957.95407999999997628037817776203155517578125
958.116999999999961801222525537014007568359375
958.2796799999999848296283744275569915771484375
958.442119999999931678758002817630767822265625
958.6043200000000297222868539392948150634765625
958.766280000000051586539484560489654541015625
958.9279999999999972715158946812152862548828125
959.0894799999999804640538059175014495849609375
959.25072000000000116415321826934814453125
959.41172000000005937181413173675537109375
959.572480000000041400198824703693389892578125
959.732999999999947249307297170162200927734375
959.893280000000004292814992368221282958984375
960.0533199999999851570464670658111572265625
960.2131200000000035288394428789615631103515625
960.37267999999994572135619819164276123046875
960.5320000000000391082721762359142303466796875
960.69108000000005631591193377971649169921875
960.8499199999999973442754708230495452880859375
961.0085199999999758802005089819431304931640625
961.166879999999991923687048256397247314453125
961.325000000000045474735088646411895751953125
961.48288000000002284650690853595733642578125
961.6405200000000377258402295410633087158203125
961.7979199999999764258973300457000732421875
961.955079999999952633515931665897369384765625
962.1119999999999663486960344016551971435546875
962.2686800000000175714376382529735565185546875
962.4251199999999926149030216038227081298828125
962.581320000000005165929906070232391357421875
962.737280000000055224518291652202606201171875
962.89300000000002910383045673370361328125
963.0484800000000404907041229307651519775390625
963.20371999999997569830156862735748291015625
963.358719999999948413460515439510345458984375
963.51348000000007232301868498325347900390625
963.6680000000000063664629124104976654052734375
963.8222799999999779174686409533023834228515625
963.976319999999986976035870611667633056640625
964.130120000000033542164601385593414306640625
964.28368000000000392901711165904998779296875
964.4370000000000118234311230480670928955078125
964.590079999999943538568913936614990234375
964.7429200000000264481059275567531585693359375
964.895520000000033178366720676422119140625
965.047880000000077416189014911651611328125
965.200000000000045474735088646411895751953125
965.351879999999937354004941880702972412109375
965.503519999999980427674017846584320068359375
965.6549199999999473220668733119964599609375
965.806080000000065410858951508998870849609375
965.9569999999999936335370875895023345947265625
966.1076800000000730506144464015960693359375
966.25811999999996260157786309719085693359375
966.40832000000000334694050252437591552734375
966.558279999999967913026921451091766357421875
966.70800000000008367351256310939788818359375
966.8574800000000095678842626512050628662109375
967.0067199999999729698174633085727691650390625
967.155719999999973879312165081501007080078125
967.304480000000012296368367969989776611328125
967.45299999999997453414835035800933837890625
967.6012799999999742794898338615894317626953125
967.7493200000000115323928184807300567626953125
967.8971199999999726060195825994014739990234375
968.0446799999999711872078478336334228515625
968.1920000000000072759576141834259033203125
968.339079999999967185431160032749176025390625
968.4859199999999646024662069976329803466796875
968.6325199999999995270627550780773162841796875
968.778880000000071959220804274082183837890625
968.924999999999954525264911353588104248046875
969.070879999999988285708241164684295654296875
969.216519999999945866875350475311279296875
969.361920000000054642441682517528533935546875
969.5070799999999735518940724432468414306640625
969.652000000000043655745685100555419921875
969.7966800000000375803210772573947906494140625
969.94111999999995532562024891376495361328125
970.0853200000000242653186433017253875732421875
970.22928000000001702574081718921661376953125
970.37300000000004729372449219226837158203125
970.516480000000001382431946694850921630859375
970.6597199999999929787009023129940032958984375
970.8027200000000220825313590466976165771484375
970.945480000000088693923316895961761474609375
971.087999999999965439201332628726959228515625
971.230279999999993378878571093082427978515625
971.37231999999994513927958905696868896484375
971.514120000000048094079829752445220947265625
971.655680000000074869603849947452545166015625
971.79700000000002546585164964199066162109375
971.9380800000000135696609504520893096923828125
972.07891999999992549419403076171875
972.2195199999999886131263338029384613037109375
972.35987999999997555278241634368896484375
972.5
972.639879999999948267941363155841827392578125
972.77952000000004773028194904327392578125
972.91892000000007101334631443023681640625
973.058080000000018117134459316730499267578125
973.1970000000000027284841053187847137451171875
973.3356800000000248473952524363994598388671875
973.4741199999999707870301790535449981689453125
973.612319999999954234226606786251068115234375
973.750279999999975188984535634517669677734375
973.8880000000000336513039655983448028564453125
974.025480000000015934347175061702728271484375
974.162720000000035724951885640621185302734375
974.2997199999999793362803757190704345703125
974.436480000000074142008088529109954833984375
974.5729999999999790816218592226505279541015625
974.7092800000000352156348526477813720703125
974.8453200000000151703716255724430084228515625
974.98111999999991894583217799663543701171875
975.1166800000000876025296747684478759765625
975.25199999999995270627550780773162841796875
975.38707999999996900442056357860565185546875
975.5219200000000228101271204650402069091796875
975.65652000000000043655745685100555419921875
975.79088000000001557054929435253143310546875
975.924999999999954525264911353588104248046875
976.05888000000004467437975108623504638671875
976.19252000000005864421837031841278076171875
976.325919999999996434780769050121307373046875
976.4590799999999717329046688973903656005859375
976.5919999999999845385900698602199554443359375
976.724680000000034851836971938610076904296875
976.8571200000000089858076535165309906005859375
976.9893200000000206273398362100124359130859375
977.121280000000069776433520019054412841796875
977.2530000000000427462509833276271820068359375
977.384479999999939536792226135730743408203125
977.5157199999999875217326916754245758056640625
977.646719999999959327396936714649200439453125
977.777479999999968640622682869434356689453125
977.9080000000000154614099301397800445556640625
978.038279999999986102920956909656524658203125
978.168319999999994251993484795093536376953125
978.2981200000000399086275137960910797119140625
978.427680000000009385985322296619415283203125
978.557000000000016370904631912708282470703125
978.68607999999994717654772102832794189453125
978.814920000000029176590032875537872314453125
978.943520000000034997356124222278594970703125
979.07187999999996463884599506855010986328125
979.200000000000045474735088646411895751953125
979.327880000000050131347961723804473876953125
979.45551999999997860868461430072784423828125
979.5829199999999445935827679932117462158203125
979.710080000000061772880144417285919189453125
979.83699999999998908606357872486114501953125
979.963680000000067593646235764026641845703125
980.090120000000069921952672302722930908203125
980.21631999999999607098288834095001220703125
980.342280000000073414412327110767364501953125
980.4679999999999608917278237640857696533203125
980.59347999999999956344254314899444580078125
980.718720000000075742718763649463653564453125
980.843720000000075742718763649463653564453125
980.96847999999999956344254314899444580078125
981.093000000000074578565545380115509033203125
981.217280000000073414412327110767364501953125
981.34131999999999607098288834095001220703125
981.465120000000069921952672302722930908203125
981.5886799999999539068085141479969024658203125
981.71199999999998908606357872486114501953125
981.835080000000061772880144417285919189453125
981.957920000000058280420489609241485595703125
982.08051999999997860868461430072784423828125
982.202880000000050131347961723804473876953125
982.325000000000045474735088646411895751953125
982.44687999999996463884599506855010986328125
982.568520000000034997356124222278594970703125
982.689920000000029176590032875537872314453125
982.8110800000000608633854426443576812744140625
982.932000000000016370904631912708282470703125
983.052680000000009385985322296619415283203125
983.1731200000000399086275137960910797119140625
983.293319999999994251993484795093536376953125
983.413279999999986102920956909656524658203125
983.5330000000000154614099301397800445556640625
983.652479999999968640622682869434356689453125
983.771719999999959327396936714649200439453125
983.890720000000101208570413291454315185546875
984.009479999999939536792226135730743408203125
984.1280000000000427462509833276271820068359375
984.246280000000069776433520019054412841796875
984.3643200000000206273398362100124359130859375
984.4821200000000089858076535165309906005859375
984.599680000000034851836971938610076904296875
984.7169999999999845385900698602199554443359375
984.83408000000008541974239051342010498046875
984.950919999999996434780769050121307373046875
985.06752000000005864421837031841278076171875
985.18388000000004467437975108623504638671875
985.299999999999954525264911353588104248046875
985.41588000000001557054929435253143310546875
985.53152000000000043655745685100555419921875
985.646919999999909123289398849010467529296875
985.76207999999996900442056357860565185546875
985.87699999999995270627550780773162841796875
985.9916800000000876025296747684478759765625
986.1061200000000326326698996126651763916015625
986.2203200000000151703716255724430084228515625
986.3342800000000352156348526477813720703125
986.4479999999999790816218592226505279541015625
986.5614799999999604551703669130802154541015625
986.6747199999999793362803757190704345703125
986.787720000000035724951885640621185302734375
986.900480000000015934347175061702728271484375
987.0130000000000336513039655983448028564453125
987.125279999999975188984535634517669677734375
987.237319999999954234226606786251068115234375
987.3491199999999707870301790535449981689453125
987.460679999999911160557530820369720458984375
987.5720000000000027284841053187847137451171875
987.683080000000018117134459316730499267578125
987.79392000000007101334631443023681640625
987.90452000000004773028194904327392578125
988.014879999999948267941363155841827392578125
988.125
988.23487999999997555278241634368896484375
988.3445199999999886131263338029384613037109375
988.45391999999992549419403076171875
988.5630800000000135696609504520893096923828125
988.67200000000002546585164964199066162109375
988.780680000000074869603849947452545166015625
988.889120000000048094079829752445220947265625
988.99731999999994513927958905696868896484375
989.105279999999993378878571093082427978515625
989.212999999999965439201332628726959228515625
989.3204799999999750070855952799320220947265625
989.4277200000000220825313590466976165771484375
989.5347199999999929787009023129940032958984375
989.641480000000001382431946694850921630859375
989.74800000000004729372449219226837158203125
989.85428000000001702574081718921661376953125
989.9603200000000242653186433017253875732421875
990.06611999999995532562024891376495361328125
990.17167999999992389348335564136505126953125
990.277000000000043655745685100555419921875
990.382080000000087238731794059276580810546875
990.486920000000054642441682517528533935546875
990.591519999999945866875350475311279296875
990.695879999999988285708241164684295654296875
990.799999999999954525264911353588104248046875
990.9038799999999582723830826580524444580078125
991.0075199999999995270627550780773162841796875
991.1109199999999646024662069976329803466796875
991.214079999999967185431160032749176025390625
991.3170000000000072759576141834259033203125
991.4196799999999711872078478336334228515625
991.5221199999999726060195825994014739990234375
991.6243200000000115323928184807300567626953125
991.7262799999999742794898338615894317626953125
991.82799999999997453414835035800933837890625
991.929480000000012296368367969989776611328125
992.030719999999973879312165081501007080078125
992.131720000000086656655184924602508544921875
992.2324800000000095678842626512050628662109375
992.3329999999999699866748414933681488037109375
992.433279999999967913026921451091766357421875
992.53332000000000334694050252437591552734375
992.63311999999996260157786309719085693359375
992.7326799999999593637767247855663299560546875
992.832000000000107320374809205532073974609375
992.931080000000065410858951508998870849609375
993.0299199999999473220668733119964599609375
993.128519999999980427674017846584320068359375
993.226879999999937354004941880702972412109375
993.325000000000045474735088646411895751953125
993.4228799999999637293512932956218719482421875
993.520520000000033178366720676422119140625
993.617919999999912761268205940723419189453125
993.715079999999943538568913936614990234375
993.8120000000000118234311230480670928955078125
993.90868000000000392901711165904998779296875
994.005120000000033542164601385593414306640625
994.101319999999986976035870611667633056640625
994.1972799999999779174686409533023834228515625
994.2930000000000063664629124104976654052734375
994.3884799999999586361809633672237396240234375
994.4837200000000621002982370555400848388671875
994.57871999999997569830156862735748291015625
994.6734800000000404907041229307651519775390625
994.76800000000002910383045673370361328125
994.862280000000055224518291652202606201171875
994.956320000000005165929906070232391357421875
995.0501199999999926149030216038227081298828125
995.143679999999903884599916636943817138671875
995.2370000000000800355337560176849365234375
995.330079999999952633515931665897369384765625
995.4229199999999764258973300457000732421875
995.5155200000000377258402295410633087158203125
995.60788000000002284650690853595733642578125
995.700000000000045474735088646411895751953125
995.791879999999991923687048256397247314453125
995.8835199999999758802005089819431304931640625
995.9749199999999973442754708230495452880859375
996.06608000000005631591193377971649169921875
996.1570000000000391082721762359142303466796875
996.24767999999994572135619819164276123046875
996.3381200000000035288394428789615631103515625
996.4283199999999851570464670658111572265625
996.518280000000004292814992368221282958984375
996.607999999999947249307297170162200927734375
996.697480000000041400198824703693389892578125
996.78672000000005937181413173675537109375
996.87572000000000116415321826934814453125
996.9644799999999804640538059175014495849609375
997.0529999999999972715158946812152862548828125
997.141280000000051586539484560489654541015625
997.22931999999991603544913232326507568359375
997.317119999999931678758002817630767822265625
997.4046799999999848296283744275569915771484375
997.491999999999961801222525537014007568359375
997.57907999999997628037817776203155517578125
997.6659200000000282670953311026096343994140625
997.752520000000004074536263942718505859375
997.838880000000017389538697898387908935546875
997.924999999999954525264911353588104248046875
998.010880000000042855390347540378570556640625
998.0965200000000550062395632266998291015625
998.1819199999999909778125584125518798828125
998.26708000000007814378477632999420166015625
998.352000000000089130480773746967315673828125
998.436680000000023937900550663471221923828125
998.5211199999999962528818286955356597900390625
998.6053200000000060754246078431606292724609375
998.68928000000005340552888810634613037109375
998.7730000000000245563569478690624237060546875
998.85647999999991952790878713130950927734375
998.939720000000079380697570741176605224609375
999.0227200000000493673724122345447540283203125
999.105479999999943174771033227443695068359375
999.1879999999999881765688769519329071044921875
999.270279999999956999090500175952911376953125
999.352319999999963329173624515533447265625
999.4341200000000071668182499706745147705078125
999.51567999999997482518665492534637451171875
999.596999999999979991116560995578765869140625
999.6780800000000226646079681813716888427734375
999.758919999999989158823154866695404052734375
999.83951999999999316059984266757965087890625
999.9198800000000346699380315840244293212890625